IDSubPrograma	IDPersona	Dedicacio	IDPersonaAntic
130001	146	1	44
130001	712	1	
130001	992	1	224
130001	1077	1	
130001	1155	1	
130001	1228	1	
130001	1229	1	
130001	30004	1	70
130001	30938	1	
130001	30945	1	
132101	536	1	65
132101	30064	1	
132102	1048	1	
132102	1072	1	
132102	1103	1	
132102	1152	1	
132102	10107	1	
132102	30045	1	266
132102	30046	1	267
132102	30047	1	268
132102	30067	1	
132102	31022	0	
132103	19	1	48
132103	21	1	51
132103	32	1	66
132103	37	1	46
132103	38	1	47
132103	39	1	57
132103	40	1	64
132103	41	1	67
132103	390	1	61
132103	484	1	56
132103	638	1	58
132103	762	1	55
132103	763	1	107
132103	764	1	52
132103	765	1	49
132103	766	1	63
132103	897	1	200
132103	1001	1	
132103	1002	1	
132103	1004	1	
132103	1049	1	
132103	1067	1	
132103	1068	1	
132103	1069	1	
132103	1071	1	
132103	1073	1	
132103	1100	1	
132103	1102	1	
132103	1105	1	
132103	1151	1	
132103	1154	1	
132103	1181	1	
132103	1182	1	
132103	1338	1	
132103	1339	1	
132103	1340	1	
132103	1341	1	
132103	30002	1	62
132103	30003	1	69
132103	30008	1	127
132103	30009	1	131
132103	30014	1	209
132103	30056	1	
132103	30057	1	
132103	30951	1	
132103	30952	1	
132103	30953	1	
132103	30956	1	
132103	30959	1	
132103	30963	1	
132103	30967	1	
132103	30997	1	
132103	31008	1	
132104	107	1	147
132104	874	1	229
132104	1079	1	
132104	1113	1	
132104	30970	1	
132104	30971	1	
132104	30972	1	
132104	30982	1	
132104	31001	1	
132104	31005	1	
132105	317	1	68
150001	45	1	27
150001	143	1	108
150001	868	1	
150001	1043	1	193
150001	1245	1	
150001	30985	1	
150001	31030	0	
151101	278	1	28
151101	321	1	89
151101	31004	1	
151501	592	1	40
151501	738	1	109
151501	862	1	185
152101	1029	1	
152101	1083	1	
152101	1153	1	
152101	30058	1	
152101	30059	1	
152101	30958	1	
152101	30981	1	
152101	31015	1	
164101	543	1	124
164101	30995	1	
170101	49	1	33
170101	419	1	154
170101	557	1	31
170101	904	1	205
170101	993	1	5
170101	30007	1	99
170101	30965	1	
170201	148	1	135
170201	30954	1	
170201	30955	1	
230001	680	1	
230001	30069	1	
230001	30901	1	
230001	30942	1	
231102	165	1	91
231102	932	1	206
231102	30062	1	
231301	51	1	113
231301	80	1	114
231301	136	1	143
231301	259	1	213
231301	452	1	117
231301	501	1	115
231301	527	1	198
231301	532	1	212
231301	588	1	149
231301	646	1	196
231301	691	1	210
231301	761	1	211
231301	800	1	
231301	854	1	199
231301	864	1	
231301	865	1	42
231301	30026	1	237
231301	30061	1	
232001	30011	1	153
232001	30035	1	247
233001	1052	1	311
233001	30006	1	93
233004	1108	1	
233004	30050	1	272
233201	994	1	95
233201	30962	1	
233202	586	1	215
233202	30957	1	
235102	291	1	197
241101	648	1	250
241103	283	1	262
241103	319	1	261
241103	405	1	260
241103	1085	1	
241103	30042	1	259
313101	285	1	79
313103	105	1	116
313103	461	1	190
313103	1187	0	
313103	1221	0	
313103	1224	0	
313103	30052	1	275
313103	30964	1	
313103	30974	1	
313103	31026	0	
313103	31027	0	
313107	142	1	111
313107	155	1	119
320001	338	1	
320001	30049	1	271
320001	31020	1	
320001	31025	0	
320001	31028	0	
321101	13	1	13
321101	14	1	
321101	18	1	12
321101	20	1	15
321101	131	1	14
321101	1027	1	133
321101	1211	1	
321101	1252	1	
321101	30063	1	
321101	31009	1	
321101	31010	1	
321101	31031	0	
321201	610	1	73
321202	359	1	214
321202	893	1	
321202	30933	1	
321203	346	1	178
321204	575	1	134
321205	61	1	72
321206	95	1	230
321207	393	1	18
322104	30041	1	256
324101	59	1	172
324101	66	1	164
324101	73	1	165
324101	76	1	166
324101	97	1	168
324101	98	1	174
324101	133	1	163
324101	324	1	173
324101	473	1	171
324101	727	1	167
324101	870	1	169
324101	30984	1	
324101	30996	1	
324101	31017	1	
324101	31018	1	
324101	31023	0	
324201	599	1	
324201	30028	1	240
324201	30931	1	
324401	694	1	
324401	832	1	
324401	987	1	
324401	30032	1	244
324401	30033	1	245
324401	30034	1	246
330001	100	1	159
330001	30071	1	
330201	197	1	179
330201	418	1	202
332101	35	1	17
332101	458	1	175
332101	709	1	187
332101	856	1	
332101	30019	1	222
332101	30944	1	
332201	620	1	
332201	1000	1	
340001	50	1	102
340001	106	1	146
340001	108	1	148
340001	647	1	139
340001	871	1	151
340001	30011	1	153
340001	30070	1	
340001	30961	1	
340001	31032	0	
342401	309	1	150
342401	703	1	188
342401	30011	1	153
342401	30943	1	
342401	31014	1	
342401	31024	0	
430101	970	1	77
430101	1222	1	
430101	30036	1	249
430101	30055	1	
430101	30966	1	
430101	30975	1	
430101	31011	1	
430301	124	1	125
430301	128	1	217
430301	144	1	23
430301	280	1	
430301	328	1	216
430301	625	1	103
430301	1054	0	
430301	30986	1	
430301	31000	1	
431103	615	1	43
431103	30978	1	
431103	30987	1	
431103	30999	1	
433101	504	1	248
433101	895	1	
433101	30038	1	252
433101	30977	1	
443001	718	1	
443001	760	1	182
450001	79	1	105
450001	863	1	94
450102	36	1	29
450102	47	1	181
450102	72	1	177
450102	115	1	144
450102	140	1	140
450102	183	1	
450102	451	1	137
450102	509	1	138
450102	524	1	141
450102	525	1	142
450102	732	1	
450102	735	1	130
450102	741	1	183
450102	749	1	
450102	1094	1	
450102	30934	1	
450102	30968	1	
450102	30998	1	
451401	30018	1	221
452101	30011	1	153
452102	30011	1	153
452104	30011	1	153
452105	30011	1	153
452201	30011	1	153
452202	30011	1	153
452203	30011	1	153
494001	174	1	92
494001	573	1	90
494001	584	1	157
494001	689	1	87
494001	30017	1	220
494001	30072	1	
494001	31002	1	
494001	31003	1	
494001	31029	0	
622202	30040	1	255
622501	30063	1	
622502	759	1	120
912103	62	1	10
912103	342	1	158
912103	953	1	253
912103	1053	1	232
912103	1227	1	
912103	31019	1	
921101	81	1	81
921101	30043	1	263
921104	645	1	19
921201	27	1	25
921201	171	1	76
921201	454	1	35
921201	1036	1	238
921201	30937	1	
921201	30973	1	
921206	30102	0	
921301	48	1	26
921301	204	1	82
921301	570	1	121
921401	16	1	9
921401	848	1	1
921401	1186	1	
921401	30013	1	
921401	30065	1	
921401	30983	1	
921406	111	1	3
921406	650	1	194
921406	1037	1	231
921406	1236	1	
921601	186	1	227
921601	1244	1	
921601	30023	1	233
921601	31006	1	
922101	71	1	97
922101	341	1	191
922101	608	1	86
922102	86	1	228
922102	87	1	186
922102	91	1	101
922102	141	1	21
922102	153	1	
922102	191	1	160
922102	372	1	75
922102	736	1	
922102	1056	1	
922102	30012	1	176
922102	30015	1	218
922102	30016	1	219
922102	30068	1	
922102	30946	1	
922102	30950	1	
922103	33	1	83
922103	46	1	8
922103	166	1	204
922103	203	1	41
922103	554	1	136
922103	556	1	184
922103	837	1	
922103	875	1	
922103	929	1	
922103	1003	1	
922103	1028	1	
922103	1111	1	
922103	9999	1	
922103	30051	1	273
922103	30948	1	
922103	30949	1	
922103	30960	1	
922103	31012	1	
922103	31016	1	
922104	313	1	122
922407	408	1	39
922407	30020	1	225
922407	30021	1	226
924101	1202	1	
925001	42	1	11
925001	78	1	104
925001	169	1	223
925001	305	1	36
925001	3969	1	
925001	30053	1	276
925001	30054	1	277
925001	30060	1	
925001	30969	1	
931101	15	1	32
931101	17	1	22
931101	54	1	78
931101	82	1	80
931101	93	1	128
931101	116	1	24
931101	176	1	123
931101	302	1	71
931101	470	1	37
931101	632	1	132
931101	681	1	195
931101	834	1	
931101	1237	1	
931101	1337	1	
931101	30001	1	2
931101	30005	1	74
931101	30939	1	
931101	30947	1	
931101	30976	1	
931101	30988	1	
931101	30989	1	
931101	30990	1	
931101	30991	1	
931101	30992	1	
931101	30993	1	
931101	30994	1	
931101	31013	1	
933101	145	1	84
933101	387	1	20
933101	31007	1	
933104	867	1	203
933104	30980	1	
